下次加油累積公里數 
62615 
62741 
62851 
62976 
63109 
63231 
63343 
63460 
63573 
63671 
63793 
63933 
64056 
64153 
64279 
64405 
64509 
64609 
64730 
64843 
64961 
65220 
65339 
65471 
65590 
65698 
65822 
65967 
66076 
66186 
66324 
66434 
66539 
66669 
66803 
66923 
67008 
67111 
67250 
67374 
67501 
67602 
67732 
67855 
68014 
68121 
68248 
68377 
68502 
68625 
68731 
68830 
68939 
69036 
69125 
69227 
69352 
69477 
69599 
69715 
69807 
69921 
70063 
70225 
70368 
70504 
70626 
70767 
70906 
71063 
71214 
71334 
71447 
71581 
71702 
71830 
71961 
72071 
72225 
72348 
72440 
72563 
72684 
72811 
72952 
73077 
73203 
73353 
73478 
73636 
73753 
73852 
73979 
74090 
74207 
74321 
74465 
74592 
74716 
74844 
74962 
75077 
75221 
75355 
75475 
75598 
75715 
75845 
75991 
76117 
76257 
76392 
76525 
76658 
76807 
76950 
77092 
77236 
77363 
77486 
77618 
77748 
77879 
77995 
78103 
78253 
78398 
78535 
78679 
78808 
78964 
79099 
79244 
79385 
79540 
79631 
79712 
79870 
80106 
80242 
80368 
80508 
80630 
80730 
80884 
81015 
81129 
81235 
81345 
81459 
81548 
81671 
81758 
81872 
81969 
82075 
82174 
82280 
82371 
82485 
82614 
82684 
82788 
82903 
83108 
83157 
83270 
83369 
83464 
83571 
83672 
83759 
83882 
83959 
84052 
84124 
84208 
84289 
84394 
84504 
84621 
84682 
84787 
84910 
85033 
85133 
85240 
85357 
85449 
85583 
85687 
85778 
85882 
86000 
86115 
86219 
86320 
86422 
86525 
86635 
86761 
86874 
86993 
87108 
87211 
87324 
87450 
87550 
87676 
87781 
87886 
87988 
88098 
88200 
88317 
88408 
88540 
88660 
88738 
88850 
88938 
89026 
89133 
89238 
89357 
89400 
89519 
89632 
89765 
89867 
89948 
90034 
90107 
90151 
90256 
90349 
90445 
90522 
90616 
90696 
90770 
90871 
